 0.0000000000000000E+000  4.0000000000000000E+001  2.0000000000000000E+001 -5.0000000000000000E+000
 1.0000000000000000E-002  3.9958959867997095E+001  1.9968141457845444E+001 -4.7882137355081049E+000
 2.0000000000000000E-002  3.9834350102177517E+001  1.9857539789242111E+001 -4.3423740755642068E+000
 2.9999999999999999E-002  3.9627145864830155E+001  1.9668403006590996E+001 -3.7854573669328091E+000
 4.0000000000000001E-002  3.9339775604915708E+001  1.9410829311644438E+001 -3.1609366929984954E+000
 5.0000000000000003E-002  3.8974928006466953E+001  1.9096182754911652E+001 -2.4909367744291431E+000
 6.0000000000000005E-002  3.8535281019348623E+001  1.8735136102416295E+001 -1.7904775777233550E+000
 7.0000000000000007E-002  3.8023450112752585E+001  1.8337300394347579E+001 -1.0711946387802156E+000
 8.0000000000000002E-002  3.7441987568360460E+001  1.7911224965308200E+001 -3.4252820832303371E-001
 8.9999999999999997E-002  3.6793392949099513E+001  1.7464479146300359E+001  3.8772364159191458E-001
 9.9999999999999992E-002  3.6080125335346288E+001  1.7003747483967850E+001  1.1130425036283227E+000
 1.0999999999999999E-001  3.5304615074135413E+001  1.6534922295024806E+001  1.8279121738246085E+000
 1.1999999999999998E-001  3.4469274461544785E+001  1.6063189559087363E+001  2.5275986005404567E+000
 1.2999999999999998E-001  3.3576507185607845E+001  1.5593107087153584E+001  3.2079768453344468E+000
 1.3999999999999999E-001  3.2628716476280310E+001  1.5128674726420785E+001  3.8653984103062005E+000
 1.4999999999999999E-001  3.1628311961828956E+001  1.4673396703075271E+001  4.4965932923595684E+000
 1.6000000000000000E-001  3.0577715265228004E+001  1.4230336416537618E+001  5.0986016686711446E+000
 1.7000000000000001E-001  2.9479364399265126E+001  1.3802164151397500E+001  5.6687305926505553E+000
 1.8000000000000002E-001  2.8335717037079114E+001  1.3391198280000644E+001  6.2045315010552917E+000
 1.9000000000000003E-001  2.7149252746766059E+001  1.2999440594351654E+001  6.7037946707771523E+000
 2.0000000000000004E-001  2.5922474285560014E+001  1.2628606436403535E+001  7.1645570064425455E+000
 2.1000000000000005E-001  2.4657908052080302E+001  1.2280150297901193E+001  7.5851196988439709E+000
 2.2000000000000006E-001  2.3358103795376298E+001  1.1955287542157441E+001  7.9640723982275832E+000
 2.3000000000000007E-001  2.2025633678007253E+001  1.1655012867581888E+001  8.3003206350175720E+000
 2.4000000000000007E-001  2.0663090788004595E+001  1.1380116092709716E+001  8.5931133370261943E+000
 2.5000000000000006E-001  1.9273087191894934E+001  1.1131195799874652E+001  8.8420674775604624E+000
 2.6000000000000006E-001  1.7858251618407667E+001  1.0908671332975679E+001  9.0471871756819109E+000
 2.7000000000000007E-001  1.6421226860203994E+001  1.0712793605737705E+001  9.2088749771673299E+000
 2.8000000000000008E-001  1.4964666978893376E+001  1.0543655140512961E+001  9.3279335740401077E+000
 2.9000000000000009E-001  1.3491234396510380E+001  1.0401199722602597E+001  9.4055568545645123E+000
 3.0000000000000010E-001  1.2003596954161488E+001  1.0285232018846839E+001  9.4433098792825074E+000
 3.1000000000000011E-001  1.0504425015316338E+001  1.0195427468947805E+001  9.4430981032822050E+000
 3.2000000000000012E-001  8.9963886868450800E+000  1.0131342710998135E+001  9.4071268543016071E+000
 3.3000000000000013E-001  7.4821552251235790E+000  1.0092426747220669E+001  9.3378526746776593E+000
 3.4000000000000014E-001  5.9643866872163738E+000  1.0078032991581617E+001  9.2379285947714767E+000
 3.5000000000000014E-001  4.4457378783371277E+000  1.0087432268933634E+001  9.1101456930552391E+000
 3.6000000000000015E-001  2.9288546366455357E+000  1.0119826758431229E+001  8.9573733988615203E+000
 3.7000000000000016E-001  1.4163724852170676E+000  1.0174364796074789E+001  8.7825009129661691E+000
 3.8000000000000017E-001 -8.9084331026662869E-002  1.0250156376921481E+001  8.5883818817679600E+000
 3.9000000000000018E-001 -1.5849034183308122E+000  1.0346289131201138E+001  8.3777840996441935E+000
 4.0000000000000019E-001 -3.0684844252579673E+000  1.0461844493993166E+001  8.1533455759012465E+000
 4.1000000000000020E-001 -4.5372388741922309E+000  1.0595913747684687E+001  7.9175378342347100E+000
 4.2000000000000021E-001 -5.9885896704735719E+000  1.0747613591015819E+001  7.6726368566598184E+000
 4.3000000000000022E-001 -7.4199703429839490E+000  1.0916100877432600E+001  7.4207016754194273E+000
 4.4000000000000022E-001 -8.8288240885324853E+000  1.1100586166698907E+001  7.1635602799702740E+000
 4.5000000000000023E-001 -1.0212602713333233E+001  1.1300345744378719E+001  6.9028022552538584E+000
 4.6000000000000024E-001 -1.1568765588486231E+001  1.1514731780692943E+001  6.6397774052846437E+000
 4.7000000000000025E-001 -1.2894778762585268E+001  1.1743180320463658E+001  6.3755995374355932E+000
 4.8000000000000026E-001 -1.4188114402852458E+001  1.1985216817277010E+001  6.1111545764393718E+000
 4.9000000000000027E-001 -1.5446250765446385E+001  1.2240458946733817E+001  5.8471122282045451E+000
 5.0000000000000022E-001 -1.6666672924070134E+001  1.2508616456284377E+001  5.5839405057389611E+000
 5.1000000000000023E-001 -1.7846874511311974E+001  1.2789487834742996E+001  5.3219225466074853E+000
 5.2000000000000024E-001 -1.8984360746234799E+001  1.3082953616609093E+001  5.0611752785341340E+000
 5.3000000000000025E-001 -2.0076653031003342E+001  1.3388966179294721E+001  4.8016696139994375E+000
 5.4000000000000026E-001 -2.1121295394867470E+001  1.3707535950330183E+001  4.5432519651588468E+000
 5.5000000000000027E-001 -2.2115863041626081E+001  1.4038714021521601E+001  4.2856669584979361E+000
 5.6000000000000028E-001 -2.3057973213155037E+001  1.4382571271870825E+001  4.0285812878704590E+000
 5.7000000000000028E-001 -2.3945298513934464E+001  1.4739174233012045E+001  3.7716086705632765E+000
 5.8000000000000029E-001 -2.4775582748433802E+001  1.5108558089397357E+001  3.5143358615548146E+000
 5.9000000000000030E-001 -2.5546659205425215E+001  1.5490697386322319E+001  3.2563496361868358E+000
 6.0000000000000031E-001 -2.6256471184086301E+001  1.5885475213788443E+001  2.9972645734866821E+000
 6.1000000000000032E-001 -2.6903094402347968E+001  1.6292651830436398E+001  2.7367513663818799E+000
 6.2000000000000033E-001 -2.7484760767594359E+001  1.6711833872613539E+001  2.4745652587021656E+000
 6.3000000000000034E-001 -2.7999882835478410E+001  1.7142445439358692E+001  2.2105740722878355E+000
 6.4000000000000035E-001 -2.8447078148155914E+001  1.7583702433833313E+001  1.9447851528099509E+000
 6.5000000000000036E-001 -2.8825192543194351E+001  1.8034591555932625E+001  1.6773704432770253E+000
 6.6000000000000036E-001 -2.9133321472323658E+001  1.8493855264083585E+001  1.4086888028410192E+000
 6.7000000000000037E-001 -2.9370828375762382E+001  1.8959983848261547E+001  1.1393046372255800E+000
 6.8000000000000038E-001 -2.9537359229149086E+001  1.9431215482200578E+001  8.7000190496157037E-001
 6.9000000000000039E-001 -2.9632852516203158E+001  1.9905544762663268E+001  6.0179261590638622E-001
 7.0000000000000040E-001 -2.9657544074503573E+001  2.0380739820306840E+001  3.3591904612449414E-001
 7.1000000000000041E-001 -2.9611966501116605E+001  2.0854367632026879E+001  7.3849052635845444E-002
 7.2000000000000042E-001 -2.9496943070856556E+001  2.1323826716349707E+001 -1.8273592437839850E-001
 7.3000000000000043E-001 -2.9313576391109265E+001  2.1786385990483225E+001 -4.3196034531069072E-001
 7.4000000000000044E-001 -2.9063232271096574E+001  2.2239228245497245E+001 -6.7178145119411414E-001
 7.5000000000000044E-001 -2.8747519499915217E+001  2.2679496482211587E+001 -9.0002317445484681E-001
 7.6000000000000045E-001 -2.8368266390707920E+001  2.3104341260738263E+001 -1.1144164358746749E+000
 7.7000000000000046E-001 -2.7927495048000520E+001  2.3510967254164935E+001 -1.3126449110467799E+000
 7.8000000000000047E-001 -2.7427394348395378E+001  2.3896677351595439E+001 -1.4923950928867020E+000
 7.9000000000000048E-001 -2.6870292594816249E+001  2.4258912906751377E+001 -1.6514092448063813E+000
 8.0000000000000049E-001 -2.6258630720188155E+001  2.4595289046972333E+001 -1.7875396422830940E+000
 8.1000000000000050E-001 -2.5594936790506441E+001  2.4903624311368372E+001 -1.8988023504939238E+000
 8.2000000000000051E-001 -2.4881802404376803E+001  2.5181964243936974E+001 -1.9834286952944953E+000
 8.3000000000000052E-001 -2.4121861421129822E+001  2.5428598899166122E+001 -2.0399125669767550E+000
 8.4000000000000052E-001 -2.3317771285997470E+001  2.5642074501680941E+001 -2.0670517620815354E+000
 8.5000000000000053E-001 -2.2472197069594131E+001  2.5821199723102783E+001 -2.0639817253294184E+000
 8.6000000000000054E-001 -2.1587798208020207E+001  2.5965047191632515E+001 -2.0302003028001310E+000
 8.7000000000000055E-001 -2.0667217824048990E+001  2.6072950933403774E+001 -1.9655824527219419E+000
 8.8000000000000056E-001 -1.9713074430841512E+001  2.6144500465864564E+001 -1.8703842674684512E+000
 8.9000000000000057E-001 -1.8727955766749787E+001  2.6179532233168274E+001 -1.7452361179081024E+000
 9.0000000000000058E-001 -1.7714414480449562E+001  2.6178119005146907E+001 -1.5911252114920549E+000
 9.1000000000000059E-001 -1.6674965376138367E+001  2.6140557769063754E+001 -1.4093683273226674E+000
 9.2000000000000060E-001 -1.5612083934518781E+001  2.6067356540476112E+001 -1.2015759233606789E+000
 9.3000000000000060E-001 -1.4528205842399563E+001  2.5959220417860724E+001 -9.6960917392678381E-001
 9.4000000000000061E-001 -1.3425727287969265E+001  2.5817037114290741E+001 -7.1553176609520519E-001
 9.5000000000000062E-001 -1.2307005806725135E+001  2.5641862124627220E+001 -4.4155844531936600E-001
 9.6000000000000063E-001 -1.1174361492007002E+001  2.5434903631691668E+001 -1.5000234636821755E-001
 9.7000000000000064E-001 -1.0030078412194820E+001  2.5197507220327125E+001  1.5677692264328966E-001
 9.8000000000000065E-001 -8.8764061026887155E+000  2.4931140452509254E+001  4.7642264691510749E-001
 9.9000000000000066E-001 -7.7155610242099497E+000  2.4637377356459794E+001  8.0662628273116510E-001
 1.0000000000000007E+000 -6.5497278996018187E+000  2.4317882893747434E+001  1.1451674248169808E+000
 1.0100000000000007E+000 -5.3810608593366460E+000  2.3974397485957287E+001  1.4899475947101848E+000
 1.0200000000000007E+000 -4.2116843416829743E+000  2.3608721702166580E+001  1.8390173425794287E+000
 1.0300000000000007E+000 -3.0436937073407822E+000  2.3222701226300440E+001  2.1905964994290588E+000
 1.0400000000000007E+000 -1.8791555406695304E+000  2.2818212236503999E+001  2.5430877243160364E+000
 1.0500000000000007E+000 -7.2010762069296919E-001  2.2397147335064783E+001  2.8950837474042976E+000
 1.0600000000000007E+000  4.3144144495156600E-001  2.1961402166330434E+001  3.2453689059041206E+000
 1.0700000000000007E+000  1.5735129209525012E+000  2.1512862851604559E+001  3.5929157037059047E+000
 1.0800000000000007E+000  2.7041589699520663E+000  2.1053394355021265E+001  3.9368771995254086E+000
 1.0900000000000007E+000  3.8214639856226236E+000  2.0584829874245912E+001  4.2765760493113589E+000
 1.1000000000000008E+000  4.9235462099476317E+000  2.0108961326134150E+001  4.6114910057870864E+000
 1.1100000000000008E+000  6.0085596065375251E+000  1.9627530971862154E+001  4.9412416217882127E+000
 1.1200000000000008E+000  7.0746959579820103E+000  1.9142224200067783E+001  5.2655718250544545E+000
 1.1300000000000008E+000  8.1201871524992395E+000  1.8654663461547909E+001  5.5843329400372363E+000
 1.1400000000000008E+000  9.1433076234496955E+000  1.8166403326103946E+001  5.8974666353854115E+000
 1.1500000000000008E+000  1.0142376904570124E+001  1.7678926611984366E+001  6.2049881806549632E+000
 1.1600000000000008E+000  1.1115762263959857E+001  1.7193641521541849E+001  6.5069703072828169E+000
 1.1700000000000008E+000  1.2061881380811863E+001  1.6711879703455324E+001  6.8035278901568121E+000
 1.1800000000000008E+000  1.2979205030508378E+001  1.6234895152222961E+001  7.0948035989707527E+000
 1.1900000000000008E+000  1.3866259745877555E+001  1.5763863849504780E+001  7.3809546135969066E+000
 1.2000000000000008E+000  1.4721630425015977E+001  1.5299884049064644E+001  7.6621404546937839E+000
 1.2100000000000009E+000  1.5543962859011545E+001  1.4843977107224902E+001  7.9385119488432903E+000
 1.2200000000000009E+000  1.6331966156046917E+001  1.4397088763542328E+001  8.2102013254406447E+000
 1.2300000000000009E+000  1.7084415041631814E+001  1.3960090781448480E+001  8.4773134288980181E+000
 1.2400000000000009E+000  1.7800152018016998E+001  1.3533782865459751E+001  8.7399180229457816E+000
 1.2500000000000009E+000  1.8478089369107469E+001  1.3118894779839401E+001  8.9980431624209487E+000
 1.2600000000000009E+000  1.9117211000352622E+001  1.2716088602879305E+001  9.2516696104920957E+000
 1.2700000000000009E+000  1.9716574106087652E+001  1.2325961060869700E+001  9.5007262844705487E+000
 1.2800000000000009E+000  2.0275310659587440E+001  1.1949045895970176E+001  9.7450867200106046E+000
 1.2900000000000009E+000  2.0792628723629516E+001  1.1585816232239328E+001  9.9845665505520582E+000
 1.3000000000000009E+000  2.1267813581615609E+001  1.1236686913709869E+001  1.0218922005380369E+001
 1.3100000000000009E+000  2.1700228691248359E+001  1.0902016797333399E+001  1.0447849434870863E+001
 1.3200000000000010E+000  2.2089316464383604E+001  1.0582110991628047E+001  1.0670985874660611E+001
 1.3300000000000010E+000  2.2434598877971936E+001  1.0277223038751234E+001  1.0887910661089972E+001
 1.3400000000000010E+000  2.2735677921965099E+001  9.9875570433460386E+000  1.1098148107829774E+001
 1.3500000000000010E+000  2.2992235890699284E+001  9.7132697557840348E+000  1.1301171247840838E+001
 1.3600000000000010E+000  2.3204035524595128E+001  9.4544726203132132E+000  1.1496406635517818E+001
 1.3700000000000010E+000  2.3370920009052444E+001  9.2112338001373253E+000  1.1683240191017450E+001
 1.3800000000000010E+000  2.3492812837198443E+001  8.9835801916771434E+000  1.1861024052493793E+001
 1.3900000000000010E+000  2.3569717542703824E+001  8.7714994393205412E+000  1.2029084382570622E+001
 1.4000000000000010E+000  2.3601717308254720E+001  8.5749419600304932E+000  1.2186730053368640E+001
 1.4100000000000010E+000  2.3588974454504648E+001  8.3938229844602912E+000  1.2333262110459870E+001
 1.4200000000000010E+000  2.3531729813476556E+001  8.2280246179648842E+000  1.2467983891108865E+001
 1.4300000000000010E+000  2.3430301989491653E+001  8.0773979213561624E+000  1.2590211647112733E+001
 1.4400000000000011E+000  2.3285086509816903E+001  7.9417650076920854E+000  1.2699285498629351E+001
 1.4500000000000011E+000  2.3096554866392523E+001  7.8209211480681127E+000  1.2794580523831822E+001
 1.4600000000000011E+000  2.2865253449267424E+001  7.7146368765248292E+000  1.2875517771315710E+001
 1.4700000000000011E+000  2.2591802371767937E+001  7.6226600819892711E+000  1.2941574969138630E+001
 1.4800000000000011E+000  2.2276894186981025E+001  7.5447180737733275E+000  1.2992296697288337E+001
 1.4900000000000011E+000  2.1921292494867330E+001  7.4805196066453057E+000  1.3027303790156470E+001
 1.5000000000000011E+000  2.1525830439237520E+001  7.4297568518957959E+000  1.3046301742867181E+001
 1.5100000000000011E+000  2.1091409093930462E+001  7.3921073020956953E+000  1.3049087910368451E+001
 1.5200000000000011E+000  2.0618995737810881E+001  7.3672355992969401E+000  1.3035557310960989E+001
 1.5300000000000011E+000  2.0109622018642945E+001  7.3547952791059261E+000  1.3005706875945634E+001
 1.5400000000000011E+000  1.9564382006469899E+001  7.3544304261790368E+000  1.2959638023463462E+001
 1.5500000000000012E+000  1.8984430137811184E+001  7.3657772400361115E+000  1.2897557476181603E+001
 1.5600000000000012E+000  1.8370979052749611E+001  7.3884655134396473E+000  1.2819776287748811E+001
 1.5700000000000012E+000  1.7725297327790216E+001  7.4221200287269538E+000  1.2726707090200566E+001
 1.5800000000000012E+000  1.7048707108204042E+001  7.4663618802130696E+000  1.2618859621900738E+001
 1.5900000000000012E+000  1.6342581644397971E+001  7.5208097329382335E+000  1.2496834641306517E+001
 1.6000000000000012E+000  1.5608342737655235E+001  7.5850810294901905E+000  1.2361316374044078E+001
 1.6100000000000012E+000  1.4847458101354187E+001  7.6587931573110009E+000  1.2213063677855827E+001
 1.6200000000000012E+000  1.4061438644482386E+001  7.7415645887709790E+000  1.2052900140539178E+001
 1.6300000000000012E+000  1.3251835684910668E+001  7.8330160053772051E+000  1.1881703348962739E+001
 1.6400000000000012E+000  1.2420238100471060E+001  7.9327714158441704E+000  1.1700393581899018E+001
 1.6500000000000012E+000  1.1568269426389504E+001  8.0404592754900293E+000  1.1509922185419516E+001
 1.6600000000000013E+000  1.0697584908054747E+001  8.1557136116630851E+000  1.1311259887022755E+001
 1.6700000000000013E+000  9.8098685184538628E+000  8.2781751568003354E+000  1.1105385293956678E+001
 1.6800000000000013E+000  8.9068299498652017E+000  8.4074924874319272E+000  1.0893273803154074E+001
 1.6900000000000013E+000  7.9902015895610212E+000  8.5433231641309266E+000  1.0675887125923806E+001
 1.7000000000000013E+000  7.0617354893201032E+000  8.6853348642133170E+000  1.0454163601362172E+001
 1.7100000000000013E+000  6.1232003384661526E+000  8.8332064960461452E+000  1.0229009439850582E+001
 1.7200000000000013E+000  5.1763784499078982E+000  8.9866292812203827E+000  1.0001291003533607E+001
 1.7300000000000013E+000  4.2230627682341524E+000  9.1453077886566518E+000  9.7718281958479167E+000
 1.7400000000000013E+000  3.2650539082818892E+000  9.3089609029682698E+000  9.5413889984160196E+000
 1.7500000000000013E+000  2.3041572317170065E+000  9.4773227081054436E+000  9.3106851621737992E+000
 1.7600000000000013E+000  1.3421799680166537E+000  9.6501432664155278E+000  9.0803690314855317E+000
 1.7700000000000014E+000  3.8092838479290048E-001  9.8271892727233343E+000  8.8510314559731480E+000
 1.7800000000000014E+000 -5.7779498936680351E-001  1.0008244562793360E+001  8.6232007253324756E+000
 1.7900000000000014E+000 -1.5321940884545608E+000  1.0193110455511373E+001  8.3973424477437408E+000
 1.8000000000000014E+000 -2.4804819803074896E+000  1.0381605908251016E+001  8.1738602825751467E+000
 1.8100000000000014E+000 -3.4208834895923164E+000  1.0573567465125356E+001  7.9530974326787627E+000
 1.8200000000000014E+000 -4.3516377794554320E+000  1.0768848978145090E+001  7.7353388002662369E+000
 1.8300000000000014E+000 -5.2710009018967563E+000  1.0967321081729244E+001  7.5208137125739851E+000
 1.8400000000000014E+000 -6.1772483301171253E+000  1.1168870401597477E+001  7.3096991286442385E+000
 1.8500000000000014E+000 -7.0686774892377180E+000  1.1373398479912195E+001  7.1021232458720798E+000
 1.8600000000000014E+000 -7.9436103047497699E+000  1.1580820399769774E+001  6.8981694337998301E+000
 1.8700000000000014E+000 -8.8003957906529937E+000  1.1791063093934319E+001  6.6978804322961052E+000
 1.8800000000000014E+000 -9.6374127012925772E+000  1.2004063325258738E+001  6.5012627610947691E+000
 1.8900000000000015E+000 -1.0453072272205391E+001  1.2219765329752297E+001  6.3082912971002782E+000
 1.9000000000000015E+000 -1.1245821075630101E+001  1.2438118117931404E+001  6.1189139843728775E+000
 1.9100000000000015E+000 -1.2014144015523684E+001  1.2659072436106312E+001  5.9330566488466161E+000
 1.9200000000000015E+000 -1.2756567484779039E+001  1.2882577396739809E+001  5.7506278952485541E+000
 1.9300000000000015E+000 -1.3471662703709729E+001  1.3108576796023486E+001  5.5715240671096407E+000
 1.9400000000000015E+000 -1.4158049253663544E+001  1.3337005147323476E+001  5.3956342520143510E+000
 1.9500000000000015E+000 -1.4814398812818613E+001  1.3567783471005979E+001  5.2228453132540364E+000
 1.9600000000000015E+000 -1.5439439092857228E+001  1.3800814894097510E+001  5.0530469258616355E+000
 1.9700000000000015E+000 -1.6031957965451504E+001  1.4035980126859455E+001  4.8861365897555205E+000
 1.9800000000000015E+000 -1.6590807756580769E+001  1.4273132897122908E+001  4.7220245856639043E+000
 1.9900000000000015E+000 -1.7114909674990319E+001  1.4512095436472114E+001  4.5606388310058170E+000
 2.0000000000000013E+000 -1.7603258329049709E+001  1.4752654124316644E+001  4.4019295834449714E+000
 2.0100000000000011E+000 -1.8054926274422392E+001  1.4994555405719739E+001  4.2458739299792514E+000
 2.0200000000000009E+000 -1.8469068523925102E+001  1.5237502105701282E+001  4.0924799898301965E+000
 2.0300000000000007E+000 -1.8844926941379885E+001  1.5481150265799286E+001  3.9417907507553935E+000
 2.0400000000000005E+000 -1.9181834433784452E+001  1.5725106627247573E+001  3.7938874514455789E+000
 2.0500000000000003E+000 -1.9479218851336402E+001  1.5968926878682579E+001  3.6488924180935260E+000
 2.0600000000000001E+000 -1.9736606503241479E+001  1.6212114774537174E+001  3.5069712616820854E+000
 2.0699999999999998E+000 -1.9953625199169743E+001  1.6454122213213246E+001  3.3683343445803930E+000
 2.0799999999999996E+000 -2.0130006731874555E+001  1.6694350342075918E+001  3.2332374310660259E+000
 2.0899999999999994E+000 -2.0265588725828525E+001  1.6932151729939378E+001  3.1019814466354600E+000
 2.0999999999999992E+000 -2.0360315789511247E+001  1.7166833618002403E+001  2.9749112854517938E+000
 2.1099999999999990E+000 -2.0414239924742080E+001  1.7397662228394726E+001  2.8524136238162656E+000
 2.1199999999999988E+000 -2.0427520164529724E+001  1.7623868077070853E+001  2.7349137197283055E+000
 2.1299999999999986E+000 -2.0400421430497932E+001  1.7844652206300012E+001  2.6228712037990847E+000
 2.1399999999999983E+000 -2.0333312621125351E+001  1.8059193223010265E+001  2.5167748942024324E+000
 2.1499999999999981E+000 -2.0226663961852431E+001  1.8266655004197151E+001  2.4171366970302346E+000
 2.1599999999999979E+000 -2.0081043666626602E+001  1.8466194910728454E+001  2.3244846823028920E+000
 2.1699999999999977E+000 -1.9897113976834287E+001  1.8656972337082436E+001  2.2393554538416200E+000
 2.1799999999999975E+000 -1.9675626657106392E+001  1.8838157417388771E+001  2.1622859570965014E+000
 2.1899999999999973E+000 -1.9417418037666025E+001  1.9008939707744553E+001  2.0938048917335825E+000
 2.1999999999999971E+000 -1.9123403699412087E+001  1.9168536670888098E+001  2.0344239142883898E+000
 2.2099999999999969E+000 -1.8794572900714922E+001  1.9316201801315202E+001  1.9846288295887355E+000
 2.2199999999999966E+000 -1.8431982844068774E+001  1.9451232245888495E+001  1.9448709771986334E+000
 2.2299999999999964E+000 -1.8036752876607480E+001  1.9572975795787347E+001  1.9155590203004489E+000
 2.2399999999999962E+000 -1.7610058711510060E+001  1.9680837149010809E+001  1.8970513389098465E+000
 2.2499999999999960E+000 -1.7153126748059474E+001  1.9774283367296526E+001  1.8896492170599855E+000
 2.2599999999999958E+000 -1.6667228557199795E+001  1.9852848476032563E+001  1.8935909948233276E+000
 2.2699999999999956E+000 -1.6153675587495545E+001  1.9916137179436127E+001  1.9090473312658724E+000
 2.2799999999999954E+000 -1.5613814134044837E+001  1.9963827685063507E+001  1.9361176944260508E+000
 2.2899999999999952E+000 -1.5049020600681713E+001  1.9995673650942098E+001  1.9748281602056292E+000
 2.2999999999999949E+000 -1.4460697074192703E+001  2.0011505284856060E+001  2.0251305648932809E+000
 2.3099999999999947E+000 -1.3850267218635674E+001  2.0011229638384499E+001  2.0869030173150631E+000
 2.3199999999999945E+000 -1.3219172488454481E+001  1.9994830148205814E+001  2.1599517378188784E+000
 2.3299999999999943E+000 -1.2568868651098088E+001  1.9962365484131947E+001  2.2440141539725360E+000
 2.3399999999999941E+000 -1.1900822603354511E+001  1.9913967767641889E+001  2.3387631484500546E+000
 2.3499999999999939E+000 -1.1216509460595846E+001  1.9849840226743602E+001  2.4438123244236509E+000
 2.3599999999999937E+000 -1.0517409894536108E+001  1.9770254353246315E+001  2.5587221289846300E+000
 2.3699999999999934E+000 -9.8050076928149839E+000  1.9675546627408270E+001  2.6830066565303459E+000
 2.3799999999999932E+000 -9.0807875125945028E+000  1.9566114872844398E+001  2.8161409422081438E+000
 2.3899999999999930E+000 -8.3462328002284263E+000  1.9442414301884419E+001  2.9575685505968754E+000
 2.3999999999999928E+000 -7.6028238497680114E+000  1.9304953308548331E+001  3.1067092666923219E+000
 2.4099999999999926E+000 -6.8520359744365775E+000  1.9154289063162299E+001  3.2629667044907658E+000
 2.4199999999999924E+000 -6.0953377670833273E+000  1.8991022959510033E+001  3.4257356623083721E+000
 2.4299999999999922E+000 -5.3341894278735680E+000  1.8815795962379411E+001  3.5944090724904787E+000
 2.4399999999999920E+000 -4.5700411399621723E+000  1.8629283900439965E+001  3.7683844152638470E+000
 2.4499999999999917E+000 -3.8043314765244833E+000  1.8432192746558979E+001  3.9470694909998465E+000
 2.4599999999999915E+000 -3.0384858251934967E+000  1.8225253924889916E+001  4.1298874709165716E+000
 2.4699999999999913E+000 -2.2739148186016793E+000  1.8009219681293388E+001  4.3162811721425900E+000
 2.4799999999999911E+000 -1.5120127622914104E+000  1.7784858550825572E+001  4.5057165280990787E+000
 2.4899999999999909E+000 -7.5415605369415184E-001  1.7552950953108557E+001  4.6976852484915126E+000
 2.4999999999999907E+000 -1.7015881507271404E-003  1.7314284943351410E+001  4.8917066841800372E+000
 2.5099999999999905E+000  7.4401484997205147E-001  1.7069652143610533E+001  5.0873289303560911E+000
 2.5199999999999902E+000  1.4816802111368910E+000  1.6819843875571216E+001  5.2841292165199603E+000
 2.5299999999999900E+000  2.2100058178731139E+000  1.6565647512725405E+001  5.4817136436347900E+000
 2.5399999999999898E+000  2.9277290123682582E+000  1.6307843066354994E+001  5.6797163375870978E+000
 2.5499999999999896E+000  3.6336148101732366E+000  1.6047200016257346E+001  5.8777980938975878E+000
 2.5599999999999894E+000  4.3264575547852777E+000  1.5784474393730195E+001  6.0756445917792243E+000
 2.5699999999999892E+000  5.0050825670898931E+000  1.5520406121026641E+001  6.2729642564761185E+000
 2.5799999999999890E+000  5.6683477830618720E+000  1.5255716608358773E+001  6.4694858477137229E+000
 2.5899999999999888E+000  6.3151453727332356E+000  1.4991106606624182E+001  6.6649558494343859E+000
 2.5999999999999885E+000  6.9444033332186814E+000  1.4727254311401587E+001  6.8591357321535931E+000
 2.6099999999999883E+000  7.5550870485301003E+000  1.4464813711444346E+001  7.0517991545946090E+000
 2.6199999999999881E+000  8.1462008089942550E+000  1.4204413172923466E+001  7.2427291660427882E+000
 2.6299999999999879E+000  8.7167892832931084E+000  1.3946654249045471E+001  7.4317154653590780E+000
 2.6399999999999877E+000  9.2659389364568359E+000  1.3692110703400610E+001  7.6185517670063838E+000
 2.6499999999999875E+000  9.7927793875364060E+000  1.3441327734474079E+001  7.8030333189239176E+000
 2.6599999999999873E+000  1.0296484701147737E+001  1.3194821388160650E+001  7.9849546117361996E+000
 2.6699999999999871E+000  1.0776274607595536E+001  1.2953078144834409E+001  8.1641073136657543E+000
 2.6799999999999868E+000  1.1231415646835380E+001  1.2716554667508200E+001  8.3402784606548224E+000
 2.6899999999999866E+000  1.1661222232102002E+001  1.2485677697834653E+001  8.5132489265851863E+000
 2.6999999999999864E+000  1.2065057629605981E+001  1.2260844087110243E+001  8.6827921940864279E+000
 2.7099999999999862E+000  1.2442334851267896E+001  1.2042420950005363E+001  8.8486734421958797E+000
 2.7199999999999860E+000  1.2792517458006870E+001  1.1830745929412657E+001  9.0106489630229909E+000
 2.7299999999999858E+000  1.3115120271621445E+001  1.1626127561544811E+001  9.1684659155174408E+000
 2.7399999999999856E+000  1.3409709993785684E+001  1.1428845731182459E+001  9.3218624203887419E+000
 2.7499999999999853E+000  1.3675905731128783E+001  1.1239152207740888E+001  9.4705679961256184E+000
 2.7599999999999851E+000  1.3913379425766664E+001  1.1057271253562480E+001  9.6143043318787527E+000
 2.7699999999999849E+000  1.4121856191008241E+001  1.0883400296528031E+001  9.7527863886789508E+000
 2.7799999999999847E+000  1.4301114552266105E+001  1.0717710659698367E+001  9.8857238160587926E+000
 2.7899999999999845E+000  1.4450986593462877E+001  1.0560348341237709E+001  1.0012822666646287E+001
 2.7999999999999843E+000  1.4571358009442196E+001  1.0411434838328656E+001  1.0133787386738625E+001
 2.8099999999999841E+000  1.4662168065071796E+001  1.0271068009166889E+001  1.0248323056300981E+001
 2.8199999999999839E+000  1.4723409461868682E+001  1.0139322967429250E+001  1.0356137847345977E+001
 2.8299999999999836E+000  1.4755128113090079E+001  1.0016253003851636E+001  1.0456945665328957E+001
 2.8399999999999834E+000  1.4757422828322543E+001  9.9018905297486945E+000  1.0550468934153022E+001
 2.8499999999999832E+000  1.4730444908672835E+001  9.7962480374711234E+000  1.0636441481737000E+001
 2.8599999999999830E+000  1.4674397653724403E+001  9.6993190729458174E+000  1.0714611479987246E+001
 2.8699999999999828E+000  1.4589535781476330E+001  9.6110792155957530E+000  1.0784744390558290E+001
 2.8799999999999826E+000  1.4476164762536225E+001  9.5314870611070415E+000  1.0846625866112166E+001
 2.8899999999999824E+000  1.4334640069897061E+001  9.4604852027111477E+000  1.0900064556002098E+001
 2.8999999999999821E+000  1.4165366345695819E+001  9.3980012068926246E+000  1.0944894765507158E+001
 2.9099999999999819E+000  1.3968796486433098E+001  9.3439485797210828E+000  1.0980978918999892E+001
 2.9199999999999817E+000  1.3745430648227805E+001  9.2982277203436663E+000  1.1008209779777429E+001
 2.9299999999999815E+000  1.3495815173794199E+001  9.2607268585570264E+000  1.1026512382735143E+001
 2.9399999999999813E+000  1.3220541442957623E+001  9.2313229737996050E+000  1.1035845640579112E+001
 2.9499999999999811E+000  1.2920244648671389E+001  9.2098826933547215E+000  1.1036203589789942E+001
 2.9599999999999809E+000  1.2595602500658677E+001  9.1962631680190867E+000  1.1027616248960518E+001
 2.9699999999999807E+000  1.2247333858977694E+001  9.1903129239532237E+000  1.1010150069291331E+001
 2.9799999999999804E+000  1.1876197299993201E+001  9.1918726898730565E+000  1.0983907964766164E+001
 2.9899999999999802E+000  1.1482989617429272E+001  9.2007761991469792E+000  1.0949028917650454E+001
 2.9999999999999800E+000  1.1068544261373230E+001  9.2168509667140501E+000  1.0905687163238140E+001
 3.0099999999999798E+000  1.0633729718294985E+001  9.2399190410207002E+000  1.0854090965992544E+001
 3.0199999999999796E+000  1.0179447835335393E+001  9.2697977313726287E+000  1.0794481007157826E+001
 3.0299999999999794E+000  9.7066320922974114E+000  9.3063003112074352E+000  1.0727128411337798E+001
 3.0399999999999792E+000  9.2162458249407120E+000  9.3492366978048196E+000  1.0652332446247021E+001
 3.0499999999999790E+000  8.7092804033295916E+000  9.3984141088652446E+000  1.0570417935656673E+001
 3.0599999999999787E+000  8.1867533691119743E+000  9.4536376962069824E+000  1.0481732430337702E+001
 3.0699999999999785E+000  7.6497065357096341E+000  9.5147111565621199E+000  1.0386643185436872E+001
 3.0799999999999783E+000  7.0992040554736553E+000  9.5814373191060795E+000  1.0285533995138213E+001
 3.0899999999999781E+000  6.5363304579000037E+000  9.6536187089452401E+000  1.0178801936636180E+001
 3.0999999999999779E+000  5.9621886630066383E+000  9.7310580853297015E+000  1.0066854075393133E+001
 3.1099999999999777E+000  5.3778979739409323E+000  9.8135589528716398E+000  9.9501041824272463E+000
 3.1199999999999775E+000  4.7845920528137720E+000  9.9009260435516175E+000  9.8289695120707474E+000
 3.1299999999999772E+000  4.1834168836414474E+000  9.9929657668061314E+000  9.7038676853731261E+000
 3.1399999999999770E+000  3.5755287261176112E+000  1.0089486624526062E+001  9.5752137202493000E+000
 3.1499999999999768E+000  2.9620920637344130E+000  1.0190299587377117E+001  9.4434172447516165E+000
 3.1599999999999766E+000  2.3442775495248189E+000  1.0295218428493726E+001  9.3088799246527270E+000
 3.1699999999999764E+000  1.7232599524086374E+000  1.0404060010312309E+001  9.1719931310399314E+000
 3.1799999999999762E+000  1.1002161067956175E+000  1.0516644520110528E+001  9.0331358680124918E+000
 3.1899999999999760E+000  4.7632286773463756E-001  1.0632795649715499E+001  8.8926729750027089E+000
 3.1999999999999758E+000 -1.4724492649541604E-001  1.0752340714846206E+001  8.7509536128515499E+000
 3.2099999999999755E+000 -7.6931648287205134E-001  1.0875110709668665E+001  8.6083100376838591E+000
 3.2199999999999753E+000 -1.3887270721373548E+000  1.1000940292374919E+001  8.4650566619443257E+000
 3.2299999999999751E+000 -2.0043200366968477E+000  1.1129667697952311E+001  8.3214893977463742E+000
 3.2399999999999749E+000 -2.6149487876869384E+000  1.1261134574793244E+001  8.1778852739986974E+000
 3.2499999999999747E+000 -3.2194787913665275E+000  1.1395185742412178E+001  8.0345023156297568E+000
 3.2599999999999745E+000 -3.8167895453165919E+000  1.1531668868288584E+001  7.8915796706281744E+000
 3.2699999999999743E+000 -4.4057765451920288E+000  1.1670434062746978E+001  7.7493379685342259E+000
 3.2799999999999740E+000 -4.9853532429423559E+000  1.1811333391818355E+001  7.6079798924164042E+000
 3.2899999999999738E+000 -5.5544529974831907E+000  1.1954220309203105E+001  7.4676909451946045E+000
 3.2999999999999736E+000 -6.1120310187396685E+000  1.2098949009770998E+001  7.3286403903677542E+000
 3.3099999999999734E+000 -6.6570663057793107E+000  1.2245373708484355E+001  7.1909823467014578E+000
 3.3199999999999732E+000 -7.1885635793918405E+000  1.2393347850205597E+001  7.0548570161634441E+000
 3.3299999999999730E+000 -7.7055552089463424E+000  1.2542723257535057E+001  6.9203920242969579E+000
 3.3399999999999728E+000 -8.2071031326582720E+000  1.2693349225597048E+001  6.7877038522336122E+000
 3.3499999999999726E+000 -8.6923007695303411E+000  1.2845071574522063E+001  6.6568993396189722E+000
 3.3599999999999723E+000 -9.1602749202017204E+000  1.2997731672223816E+001  6.5280772378139771E+000
 3.3699999999999721E+000 -9.6101876527645960E+000  1.3151165441895271E+001  6.4013297928170392E+000
 3.3799999999999719E+000 -1.0041238168310606E+001  1.3305202370395445E+001  6.2767443374097462E+000
 3.3899999999999717E+000 -1.0452664639584706E+001  1.3459664535307230E+001  6.1544048720637639E+000
 3.3999999999999715E+000 -1.0843746014690222E+001  1.3614365669850599E+001  6.0343936141703924E+000
 3.4099999999999713E+000 -1.1213803776354515E+001  1.3769110285966271E+001  5.9167924951935653E+000
 3.4199999999999711E+000 -1.1562203645881805E+001  1.3923692876671694E+001  5.8016845854383909E+000
 3.4299999999999708E+000 -1.1888357219646281E+001  1.4077897219167717E+001  5.6891554263178401E+000
 3.4399999999999706E+000 -1.2191723524872302E+001  1.4231495800079211E+001  5.5792942503415066E+000
 3.4499999999999704E+000 -1.2471810480568282E+001  1.4384249383595174E+001  5.4721950696000556E+000
 3.4599999999999702E+000 -1.2728176248879819E+001  1.4535906742096667E+001  5.3679576143325800E+000
 3.4699999999999700E+000 -1.2960430461854669E+001  1.4686204567104422E+001  5.2666881042950955E+000
 3.4799999999999698E+000 -1.3168235308704997E+001  1.4834867576042706E+001  5.1684998371424822E+000
 3.4899999999999696E+000 -1.3351306469137986E+001  1.4981608827424596E+001  5.0735135799286235E+000
 3.4999999999999694E+000 -1.3509413879216931E+001  1.5126130253664007E+001  4.9818577521418632E+000
 3.5099999999999691E+000 -1.3642382317508675E+001  1.5268123416878634E+001  4.8936683914303236E+000
 3.5199999999999689E+000 -1.3750091800950466E+001  1.5407270488861252E+001  4.8090888963202083E+000
 3.5299999999999687E+000 -1.3832477781895436E+001  1.5543245451970918E+001  4.7282695437576674E+000
 3.5399999999999685E+000 -1.3889531140119221E+001  1.5675715513160593E+001  4.6513667831568117E+000
 3.5499999999999683E+000 -1.3921297966129115E+001  1.5804342718845541E+001  4.5785423127414218E+000
 3.5599999999999681E+000 -1.3927879134834903E+001  1.5928785753970807E+001  4.5099619482348468E+000
 3.5699999999999679E+000 -1.3909429671436410E+001  1.6048701904590303E+001  4.4457942982760494E+000
 3.5799999999999677E+000 -1.3866157914170753E+001  1.6163749159655712E+001  4.3862092652023374E+000
 3.5899999999999674E+000 -1.3798324481256346E+001  1.6273588424641698E+001  4.3313763939161731E+000
 3.5999999999999672E+000 -1.3706241051889231E+001  1.6377885817200482E+001  4.2814630953159369E+000
 3.6099999999999670E+000 -1.3590268973416654E+001  1.6476315013309943E+001  4.2366327740931498E+000
 3.6199999999999668E+000 -1.3450817708769398E+001  1.6568559611400161E+001  4.1970428934622985E+000
 3.6299999999999666E+000 -1.3288343139829347E+001  1.6654315481723202E+001  4.1628430114871513E+000
 3.6399999999999664E+000 -1.3103345743606358E+001  1.6733293068757934E+001  4.1341728250102330E+000
 3.6499999999999662E+000 -1.2896368658882203E+001  1.6805219615672680E+001  4.1111602577105586E+000
 3.6599999999999659E+000 -1.2667995661344765E+001  1.6869841281739358E+001  4.0939196284656418E+000
 3.6699999999999657E+000 -1.2418849065197263E+001  1.6926925126019491E+001  4.0825499349597631E+000
 3.6799999999999655E+000 -1.2149587568810725E+001  1.6976260933526845E+001  4.0771332853739422E+000
 3.6899999999999653E+000 -1.1860904061231793E+001  1.7017662863307145E+001  4.0777335080548598E+000
 3.6999999999999651E+000 -1.1553523405309504E+001  1.7050970901351363E+001  4.0843949653595173E+000
 3.7099999999999649E+000 -1.1228200211917171E+001  1.7076052104866765E+001  4.0971415935057056E+000
 3.7199999999999647E+000 -1.0885716618276909E+001  1.7092801628067132E+001  4.1159761853446390E+000
 3.7299999999999645E+000 -1.0526880081801684E+001  1.7101143523216361E+001  4.1408799276495749E+000
 3.7399999999999642E+000 -1.0152521199210737E+001  1.7101031314088342E+001  4.1718121989360757E+000
 3.7499999999999640E+000 -9.7634915590010749E+000  1.7092448342223491E+001  4.2087106281567852E+000
 3.7599999999999638E+000 -9.3606616337181041E+000  1.7075407889317955E+001  4.2514914090105709E+000
 3.7699999999999636E+000 -8.9449187169045388E+000  1.7049953081738710E+001  4.3000498592328169E+000
 3.7799999999999634E+000 -8.5171649081510452E+000  1.7016156585493587E+001  4.3542612092415478E+000
 3.7899999999999632E+000 -8.0783151483527043E+000  1.6974120101991950E+001  4.4139816000385599E+000
 3.7999999999999630E+000 -7.6292953061096904E+000  1.6923973676607794E+001  4.4790492664212795E+000
 3.8099999999999627E+000 -7.1710403152118767E+000  1.6865874833415003E+001  4.5492858784413457E+000
 3.8199999999999625E+000 -6.7044923623187822E+000  1.6800007550519581E+001  4.6244980117146284E+000
 3.8299999999999623E+000 -6.2305991232895694E+000  1.6726581091187082E+001  4.7044787156806889E+000
 3.8399999999999621E+000 -5.7503120461256794E+000  1.6645828706480209E+001  4.7890091482356709E+000
 3.8499999999999619E+000 -5.2645846781522190E+000  1.6558006225405030E+001  4.8778602453010356E+000
 3.8599999999999617E+000 -4.7743710348707715E+000  1.6463390548642113E+001  4.9707943947962470E+000
 3.8699999999999615E+000 -4.2806240078507214E+000  1.6362278061832541E+001  5.0675670860890296E+000
 3.8799999999999613E+000 -3.7842938090724534E+000  1.6254982984123217E+001  5.1679285082156037E+000
 3.8899999999999610E+000 -3.2863264492768676E+000  1.6141835667270172E+001  5.2716250728968292E+000
 3.8999999999999608E+000 -2.7876622480944899E+000  1.6023180860072600E+001  5.3784008415140967E+000
 3.9099999999999606E+000 -2.2892343740075471E+000  1.5899375952281142E+001  5.4879988386395864E+000
 3.9199999999999604E+000 -1.7919674125237066E+000  1.5770789211405715E+001  5.6001622383251455E+000
 3.9299999999999602E+000 -1.2967759612963146E+000  1.5637798025056265E+001  5.7146354130350598E+000
 3.9399999999999600E+000 -8.0456325129927042E-001  1.5500787160597211E+001  5.8311648387590669E+000
 3.9499999999999598E+000 -3.1621979354339036E-001  1.5360147052993595E+001  5.9494998533738608E+000
 3.9599999999999596E+000  1.6737794880524146E-001  1.5216272130788511E+001  6.0693932686565351E+000
 3.9699999999999593E+000  6.4536886268474469E-001  1.5069559189186018E+001  6.1906018394284654E+000
 3.9799999999999591E+000  1.1169084612161140E+000  1.4920405818234249E+001  6.3128865960746001E+000
 3.9899999999999589E+000  1.5811701327312142E+000  1.4769208893119846E+001  6.4360130491056005E+000
 3.9999999999999587E+000  2.0373463616006298E+000  1.4616363132607431E+001  6.5597512764879182E+000
 4.0099999999999589E+000  2.4846499194672682E+000  1.4462259730698065E+001  6.6838759061501047E+000
 4.0199999999999587E+000  2.9223150252838006E+000  1.4307285065645502E+001  6.8081660073842540E+000
 4.0299999999999585E+000  3.3495984723823407E+000  1.4151819489569810E+001  6.9324049058093919E+000
 4.0399999999999583E+000  3.7657807206729084E+000  1.3996236201051117E+001  7.0563799371664961E+000
 4.0499999999999581E+000  4.1701669519727114E+000  1.3840900202278617E+001  7.1798821554953207E+000
 4.0599999999999579E+000  4.5620880864095668E+000  1.3686167341577875E+001  7.3027060112272881E+000
 4.0699999999999577E+000  4.9409017578178931E+000  1.3532383441446743E+001  7.4246490144448396E+000
 4.0799999999999574E+000  5.3059932460520889E+000  1.3379883511600227E+001  7.5455113980348072E+000
 4.0899999999999572E+000  5.6567763641771336E+000  1.3228991045959159E+001  7.6650957947301626E+000
 4.0999999999999570E+000  5.9926942985566960E+000  1.3080017402016766E+001  7.7832069411185003E+000
 4.1099999999999568E+000  6.3132203999418532E+000  1.2933261260581130E+001  7.8996514206232238E+000
 4.1199999999999566E+000  6.6178589237652954E+000  1.2789008163517522E+001  8.0142374562580745E+000
 4.1299999999999564E+000  6.9061457179636596E+000  1.2647530126800358E+001  8.1267747626397817E+000
 4.1399999999999562E+000  7.1776488567809809E+000  1.2509085325926904E+001  8.2370744653375159E+000
 4.1499999999999559E+000  7.4319692191464144E+000  1.2373917850538543E+001  8.3449490941593609E+000
 4.1599999999999557E+000  7.6687410103663378E+000  1.2242257524937274E+001  8.4502126554428028E+000
 4.1699999999999555E+000  7.8876322260227010E+000  1.2114319791069260E+001  8.5526807868440660E+000
 4.1799999999999553E+000  8.0883450571227726E+000  1.1990305650469127E+001  8.6521709965253617E+000
 4.1899999999999551E+000  8.2706162356997037E+000  1.1870401661614036E+001  8.7485029870355504E+000
 4.1999999999999549E+000  8.4342173202153603E+000  1.1754779989119809E+001  8.8414990625836491E+000
 4.2099999999999547E+000  8.5789549202667388E+000  1.1643598501219147E+001  8.9309846168319442E+000
 4.2199999999999545E+000  8.7046708602428460E+000  1.1537000911990214E+001  9.0167886968040758E+000
 4.2299999999999542E+000  8.8112422817201352E+000  1.1435116964849295E+001  9.0987446370296023E+000
 4.2399999999999540E+000  8.8985816845207104E+000  1.1338062653880581E+001  9.1766907566504017E+000
 4.2499999999999538E+000  8.9666369064881373E+000  1.1245940479648366E+001  9.2504711109144822E+000
 4.2599999999999536E+000  9.0153910421611663E+000  1.1158839736218617E+001  9.3199362872991536E+000
 4.2699999999999534E+000  9.0448623006460220E+000  1.1076836826207874E+001  9.3849442354584056E+000
 4.2799999999999532E+000  9.0551038031031759E+000  1.0999995600776144E+001  9.4453611192991289E+000
 4.2899999999999530E+000  9.0462033203755254E+000  1.0928367721586227E+001  9.5010621787746015E+000
 4.2999999999999527E+000  9.0182829513919387E+000  1.0861993041863895E+001  9.5519325884608239E+000
 4.3099999999999525E+000  8.9714987430836857E+000  1.0800900003811631E+001  9.5978682996655564E+000
 4.3199999999999523E+000  8.9060402526518736E+000  1.0745106049751881E+001  9.6387768527240443E+000
 4.3299999999999521E+000  8.8221300531223097E+000  1.0694618044504249E+001  9.6745781462680842E+000
 4.3399999999999519E+000  8.7200231832203805E+000  1.0649432706632906E+001  9.7052051506211363E+000
 4.3499999999999517E+000  8.6000065426930750E+000  1.0609537046336248E+001  9.7306045530706324E+000
 4.3599999999999515E+000  8.4623982342983730E+000  1.0574908807887640E+001  9.7507373235961765E+000
 4.3699999999999513E+000  8.3075468537740100E+000  1.0545516914673769E+001  9.7655791906764708E+000
 4.3799999999999510E+000  8.1358307291878944E+000  1.0521321915013825E+001  9.7751210180448638E+000
 4.3899999999999508E+000  7.9476571111615648E+000  1.0502276427076122E+001  9.7793690746914290E+000
 4.3999999999999506E+000  7.7434613155451606E+000  1.0488325581337419E+001  9.7783451919934059E+000
 4.4099999999999504E+000  7.5237058202072529E+000  1.0479407459152656E+001  9.7720868035651982E+000
 4.4199999999999502E+000  7.2888793176854252E+000  1.0475453526115611E+001  9.7606468652210303E+000
 4.4299999999999500E+000  7.0394957255224879E+000  1.0476389058994441E+001  9.7440936543002667E+000
 4.4399999999999498E+000  6.7760931561885513E+000  1.0482133565116895E+001  9.7225104494807901E+000
 4.4499999999999496E+000  6.4992328485593962E+000  1.0492601193157887E+001  9.6959950940582136E+000
 4.4599999999999493E+000  6.2094980629871825E+000  1.0507701134346211E+001  9.6646594474622205E+000
 4.4699999999999491E+000  5.9074929420580657E+000  1.0527338013156506E+001  9.6286287314763399E+000
 4.4799999999999489E+000  5.5938413391835029E+000  1.0551412266587874E+001  9.5880407791909743E+000
 4.4899999999999487E+000  5.2691856172162037E+000  1.0579820511152343E+001  9.5430451961194542E+000
 4.4999999999999485E+000  4.9341854193176760E+000  1.0612455896705249E+001  9.4938024441171471E+000
 4.5099999999999483E+000  4.5895164143312419E+000  1.0649208446248000E+001  9.4404828597423798E+000
 4.5199999999999481E+000  4.2358690189318873E+000  1.0689965380823343E+001  9.3832656194693111E+000
 4.5299999999999478E+000  3.8739470988321849E+000  1.0734611428606902E+001  9.3223376646970237E+000
 4.5399999999999476E+000  3.5044666513212395E+000  1.0783029117279158E+001  9.2578925997921697E+000
 4.5499999999999474E+000  3.1281544714015248E+000  1.0835099048742750E+001  9.1901295764566644E+000
 4.5599999999999472E+000  2.7457468037664921E+000  1.0890700155234505E+001  9.1192521775349995E+000
 4.5699999999999470E+000  2.3579879828307493E+000  1.0949709935872917E+001  9.0454673129806391E+000
 4.5799999999999468E+000  1.9656290629845821E+000  1.1012004672684338E+001  8.9689841401059329E+000
 4.5899999999999466E+000  1.5694264411970542E+000  1.1077459625167940E+001  8.8900130194651918E+000
 4.5999999999999464E+000  1.1701404740376973E+000  1.1145949202493888E+001  8.8087645167917898E+000
 4.6099999999999461E+000  7.6853409112758098E-001  1.1217347112484630E+001  8.7254484603523306E+000
 4.6199999999999459E+000  3.6537140696790249E-001  1.1291526486608113E+001  8.6402730619230237E+000
 4.6299999999999457E+000 -3.8583666969797842E-002  1.1368359980317013E+001  8.5534441083613881E+000
 4.6399999999999455E+000 -4.4256880807086196E-001  1.1447719848201034E+001  8.4651642294691509E+000
 4.6499999999999453E+000 -8.4582466456123306E-001  1.1529477993582272E+001  8.3756322465444502E+000
 4.6599999999999451E+000 -1.2475962319408573E+000  1.1613505992376453E+001  8.2850426047268382E+000
 4.6699999999999449E+000 -1.6471342222056380E+000  1.1699675091267045E+001  8.1935848909702322E+000
 4.6799999999999446E+000 -2.0436964242312805E+000  1.1787856180493028E+001  8.1014434382530620E+000
 4.6899999999999444E+000 -2.4365490537129819E+000  1.1877919741834924E+001  8.0087970154695274E+000
 4.6999999999999442E+000 -2.8249680910592252E+000  1.1969735772694341E+001  7.9158186013522576E+000
 4.7099999999999440E+000 -3.2082406056235055E+000  1.2063173687498061E+001  7.8226752397648447E+000
 4.7199999999999438E+000 -3.5856660646229872E+000  1.2158102198015049E+001  7.7295279727797306E+000
 4.7299999999999436E+000 -3.9565576250361350E+000  1.2254389174548708E+001  7.6365318471270234E+000
 4.7399999999999434E+000 -4.3202434066916977E+000  1.2351901490353058E+001  7.5438359888647382E+000
 4.7499999999999432E+000 -4.6760677446587318E+000  1.2450504852013532E+001  7.4515837404811602E+000
 4.7599999999999429E+000 -5.0233924189222519E+000  1.2550063618923664E+001  7.3599128540946550E+000
 4.7699999999999427E+000 -5.3615978591833109E+000  1.2650440615371361E+001  7.2689557339623372E+000
 4.7799999999999425E+000 -5.6900843224580768E+000  1.2751496939112544E+001  7.1788397211446453E+000
 4.7899999999999423E+000 -6.0082730409711615E+000  1.2853091770648158E+001  7.0896874128944054E+000
 4.7999999999999421E+000 -6.3156073376488804E+000  1.2955082187722089E+001  7.0016170091438541E+000
 4.8099999999999419E+000 -6.6115537063230576E+000  1.3057322989812860E+001  6.9147426783488077E+000
 4.8199999999999417E+000 -6.8956028535618055E+000  1.3159666537591145E+001  6.8291749349133397E+000
 4.8299999999999415E+000 -7.1672706988575783E+000  1.3261962612448324E+001  6.7450210204600278E+000
 4.8399999999999412E+000 -7.4260993297315459E+000  1.3364058301258771E+001  6.6623852813289730E+000
 4.8499999999999410E+000 -7.6716579081652423E+000  1.3465797911513215E+001  6.5813695348832342E+000
 4.8599999999999408E+000 -7.9035435246532995E+000  1.3567022921843572E+001  6.5020734174694574E+000
 4.8699999999999406E+000 -8.1213819960921327E+000  1.3667571972747115E+001  6.4245947072305141E+000
 4.8799999999999404E+000 -8.3248286036867452E+000  1.3767280902005417E+001  6.3490296153924328E+000
 4.8899999999999402E+000 -8.5135687670771780E+000  1.3865982828880036E+001  6.2754730401508825E+000
 4.8999999999999400E+000 -8.6873186509633769E+000  1.3963508290653667E+001  6.2040187778619957E+000
 4.9099999999999397E+000 -8.8458257006462624E+000  1.4059685434476869E+001  6.1347596868971124E+000
 4.9199999999999395E+000 -8.9888691031066763E+000  1.4154340266782146E+001  6.0677878002477863E+000
 4.9299999999999393E+000 -9.1162601705129980E+000  1.4247296961750143E+001  6.0031943837614836E+000
 4.9399999999999391E+000 -9.2278426433816225E+000  1.4338378229467938E+001  5.9410699377434399E+000
 4.9499999999999389E+000 -9.3234929110100104E+000  1.4427405743522771E+001  5.8815041405674959E+000
 4.9599999999999387E+000 -9.4031201472534818E+000  1.4514200626841529E+001  5.8245857338878775E+000
 4.9699999999999385E+000 -9.4666663602189658E+000  1.4598583993637723E+001  5.7704023500219881E+000
 4.9799999999999383E+000 -9.5141063549925686E+000  1.4680377544380265E+001  5.7190402830670033E+000
 4.9899999999999380E+000 -9.5454476090930225E+000  1.4759404209775896E+001  5.6705842063036416E+000
 4.9999999999999378E+000 -9.5607300609396866E+000  1.4835488838877229E+001  5.6251168394115414E+000
 5.0099999999999376E+000 -9.5600258122294175E+000  1.4908458925612745E+001  5.5827185699529487E+000
 5.0199999999999374E+000 -9.5434387457192926E+000  1.4978145367300481E+001  5.5434670344562456E+000
 5.0299999999999372E+000 -9.5111040605000774E+000  1.5044383248071645E+001  5.5074366652283206E+000
 5.0399999999999370E+000 -9.4631877274060923E+000  1.5107012639607472E+001  5.4746982097264851E+000
 5.0499999999999368E+000 -9.3998858677305925E+000  1.5165879411192071E+001  5.4453182299095477E+000
 5.0599999999999365E+000 -9.3214240588908357E+000  1.5220836040817247E+001  5.4193585894475609E+000
 5.0699999999999363E+000 -9.2280565711069507E+000  1.5271742418942505E+001  5.3968759369880601E+000
 5.0799999999999361E+000 -9.1200655395149521E+000  1.5318466636519561E+001  5.3779211938429734E+000
 5.0899999999999359E+000 -8.9977600764231305E+000  1.5360885749031706E+001  5.3625390544680300E+000
 5.0999999999999357E+000 -8.8614753286388748E+000  1.5398886508567465E+001  5.3507675079524164E+000
 5.1099999999999355E+000 -8.7115714849393839E+000  1.5432366056340328E+001  5.3426373884216867E+000
 5.1199999999999353E+000 -8.5484327388341601E+000  1.5461232568566327E+001  5.3381719617863661E+000
 5.1299999999999351E+000 -8.3724662117742259E+000  1.5485405849209824E+001  5.3373865556516584E+000
 5.1399999999999348E+000 -8.1841008419049270E+000  1.5504817863787167E+001  5.3402882384526844E+000
 5.1499999999999346E+000 -7.9837862433428644E+000  1.5519413209163998E+001  5.3468755530117971E+000
 5.1599999999999344E+000 -7.7719915407890419E+000  1.5529149515077643E+001  5.3571383087488718E+000
 5.1699999999999342E+000 -7.5492041840770714E+000  1.5533997773945233E+001  5.3710574357344578E+000
 5.1799999999999340E+000 -7.3159287470059180E+000  1.5533942596363742E+001  5.3886049026836007E+000
 5.1899999999999338E+000 -7.0726857145289461E+000  1.5528982390557751E+001  5.4097436998699830E+000
 5.1999999999999336E+000 -6.8200102620731533E+000  1.5519129464865488E+001  5.4344278868221076E+000
 5.2099999999999334E+000 -6.5584510304533445E+000  1.5504410053165740E+001  5.4626027035707363E+000
 5.2199999999999331E+000 -6.2885688995319038E+000  1.5484864263924200E+001  5.4942047431746586E+000
 5.2299999999999329E+000 -6.0109357634640599E+000  1.5460545954266218E+001  5.5291621822825094E+000
 5.2399999999999327E+000 -5.7261333100661025E+000  1.5431522531161388E+001  5.5673950656127298E+000
 5.2499999999999325E+000 -5.4347518065562364E+000  1.5397874682421518E+001  5.6088156394689568E+000
 5.2599999999999323E+000 -5.1373888936481533E+000  1.5359696040767838E+001  5.6533287287688800E+000
 5.2699999999999321E+000 -4.8346483897301482E+000  1.5317092784710530E+001  5.7008321515608413E+000
 5.2799999999999319E+000 -4.5271391066397211E+000  1.5270183180402329E+001  5.7512171646416723E+000
 5.2899999999999316E+000 -4.2154736783468048E+000  1.5219097068978678E+001  5.8043689336733655E+000
 5.2999999999999314E+000 -3.9002674036891336E+000  1.5163975304180044E+001  5.8601670211253234E+000
 5.3099999999999312E+000 -3.5821371041603212E+000  1.5104969145269031E+001  5.9184858854372724E+000
 5.3199999999999310E+000 -3.2616999976346843E+000  1.5042239610408673E+001  5.9791953849987083E+000
 5.3299999999999308E+000 -2.9395725888213917E+000  1.4975956795761743E+001  6.0421612808624046E+000
 5.3399999999999306E+000 -2.6163695771723887E+000  1.4906299165607692E+001  6.1072457325392708E+000
 5.3499999999999304E+000 -2.2927027829217992E+000  1.4833452818757664E+001  6.1743077817442682E+000
 5.3599999999999302E+000 -1.9691800919066582E+000  1.4757610736483805E+001  6.2432038195619102E+000
 5.3699999999999299E+000 -1.6464044198076284E+000  1.4678972017069611E+001  6.3137880331574019E+000
 5.3799999999999297E+000 -1.3249726964508537E+000  1.4597741101940452E+001  6.3859128288582951E+000
 5.3899999999999295E+000 -1.0054748708260823E+000  1.4514126998149232E+001  6.4594292291540647E+000
 5.3999999999999293E+000 -6.8849293749871743E-001  1.4428342501778323E+001  6.5341872418899838E+000
 5.4099999999999291E+000 -3.7459998512234755E-001  1.4340603426578459E+001  6.6100362006519120E+000
 5.4199999999999289E+000 -6.4359267791078131E-002  1.4251127841903049E+001  6.6868250760344949E+000
 5.4299999999999287E+000  2.4167669999443994E-001  1.4160135323717510E+001  6.7644027581448913E+000
 5.4399999999999284E+000  5.4296702393892382E-001  1.4067846222169075E+001  6.8426183113049941E+000
 5.4499999999999282E+000  8.3898328530133326E-001  1.3974480948901171E+001  6.9213212024687314E+000
 5.4599999999999280E+000  1.1292103701103891E+000  1.3880259286987455E+001  7.0003615053589314E+000
 5.4699999999999278E+000  1.4131472713515905E+000  1.3785399726049965E+001  7.0795900827453337E+000
 5.4799999999999276E+000  1.6903078632112871E+000  1.3690118824816023E+001  7.1588587496270586E+000
 5.4899999999999274E+000  1.9602216464502897E+000  1.3594630603062384E+001  7.2380204203474641E+000
 5.4999999999999272E+000  2.2224344639733062E+000  1.3499145964594820E+001  7.3169292428554762E+000
 5.5099999999999270E+000  2.4765091856613650E+000  1.3403872152620798E+001  7.3954407234367556E+000
 5.5199999999999267E+000  2.7220263615427003E+000  1.3309012238591693E+001  7.4734118452710820E+000
 5.5299999999999265E+000  2.9585848423930585E+000  1.3214764645323351E+001  7.5507011841340272E+000
 5.5399999999999263E+000  3.1858023668792526E+000  1.3121322704949204E+001  7.6271690244533508E+000
 5.5499999999999261E+000  3.4033161143893391E+000  1.3028874252021058E+001  7.7026774787598606E+000
 5.5599999999999259E+000  3.6107832227291166E+000  1.2937601251848641E+001  7.7770906133435229E+000
 5.5699999999999257E+000  3.8078812699069484E+000  1.2847679463962132E+001  7.8502745826446381E+000
 5.5799999999999255E+000  3.9943087192768258E+000  1.2759278140390997E+001  7.9220977745830510E+000
 5.5899999999999253E+000  4.1697853273626979E+000  1.2672559758278584E+001  7.9924309686625357E+000
 5.5999999999999250E+000  4.3340525137445409E+000  1.2587679786194739E+001  8.0611475082899879E+000
 5.6099999999999248E+000  4.4868736924480350E+000  1.2504786483367891E+001  8.1281234883262670E+000
 5.6199999999999246E+000  4.6280345643446621E+000  1.2424020730932780E+001  8.1932379584455273E+000
 5.6299999999999244E+000  4.7573433701363967E+000  1.2345515894181007E+001  8.2563731424292737E+000
 5.6399999999999242E+000  4.8746311035691248E+000  1.2269397714706265E+001  8.3174146730682299E+000
 5.6499999999999240E+000  4.9797516845904513E+000  1.2195784231255818E+001  8.3762518418958809E+000
 5.6599999999999238E+000  5.0725820922403795E+000  1.2124785728032192E+001  8.4327778625397407E+000
 5.6699999999999235E+000  5.1530224571370544E+000  1.2056504709134153E+001  8.4868901460573518E+000
 5.6799999999999233E+000  5.2209961134939364E+000  1.1991035897782998E+001  8.5384905862296083E+000
 5.6899999999999231E+000  5.2764496106791317E+000  1.1928466258947665E+001  8.5874858524211781E+000
 5.6999999999999229E+000  5.3193526844016157E+000  1.1868875043960140E+001  8.6337876872926138E+000
 5.7099999999999227E+000  5.3496981876829359E+000  1.1812333855699592E+001  8.6773132063662697E+000
 5.7199999999999225E+000  5.3675019818459093E+000  1.1758906732919259E+001  8.7179851962137143E+000
 5.7299999999999223E+000  5.3728027878241909E+000  1.1708650252293470E+001  8.7557324078502567E+000
 5.7399999999999221E+000  5.3656619981676545E+000  1.1661613646772256E+001  8.7904898417952548E+000
 5.7499999999999218E+000  5.3461634501886408E+000  1.1617838938848109E+001  8.8221990211893004E+000
 5.7599999999999216E+000  5.3144131607629044E+000  1.1577361087361036E+001  8.8508082493511644E+000
 5.7699999999999214E+000  5.2705390233665108E+000  1.1540208146495495E+001  8.8762728482106095E+000
 5.7799999999999212E+000  5.2146904679957462E+000  1.1506401435654046E+001  8.8985553741672092E+000
 5.7899999999999210E+000  5.1470380846813359E+000  1.1475955718927349E+001  8.9176258080988706E+000
 5.7999999999999208E+000  5.0677732113710787E+000  1.1448879392917991E+001  8.9334617164742838E+000
 5.8099999999999206E+000  4.9771074870154690E+000  1.1425174681715973E+001  8.9460483808083460E+000
 5.8199999999999203E+000  4.8752723707499213E+000  1.1404837837865326E+001  8.9553788930331226E+000
 5.8299999999999201E+000  4.7625186281239555E+000  1.1387859348204840E+001  8.9614542147350100E+000
 5.8399999999999199E+000  4.6391157853822733E+000  1.1374224143509585E+001  8.9642831986240576E+000
 5.8499999999999197E+000  4.5053515528551689E+000  1.1363911810904103E+001  8.9638825710478311E+000
 5.8599999999999195E+000  4.3615312185653652E+000  1.1356896808062064E+001  8.9602768748310666E+000
 5.8699999999999193E+000  4.2079770132059942E+000  1.1353148678251037E+001  8.9534983722067558E+000
 5.8799999999999191E+000  4.0450274476888470E+000  1.1352632265323248E+001  8.9435869080945007E+000
 5.8899999999999189E+000  3.8730366245039081E+000  1.1355307927795565E+001  8.9305897344707255E+000
 5.8999999999999186E+000  3.6923735241700357E+000  1.1361131751202354E+001  8.9145612970528365E+000
 5.9099999999999184E+000  3.5034212680922803E+000  1.1370055757944714E+001  8.8955629859785610E+000
 5.9199999999999182E+000  3.3065763591739694E+000  1.1382028113898365E+001  8.8736628525942010E+000
 5.9299999999999180E+000  3.1022479015609159E+000  1.1396993331080271E+001  8.8489352948636526E+000
 5.9399999999999178E+000  2.8908568009210613E+000  1.1414892465711429E+001  8.8214607142686230E+000
 5.9499999999999176E+000  2.6728349466855388E+000  1.1435663311050549E+001  8.7913251473824818E+000
 5.9599999999999174E+000  2.4486243776963188E+000  1.1459240584410615E+001  8.7586198755619282E+000
 5.9699999999999172E+000  2.2186764327217241E+000  1.1485556107808039E+001  8.7234410164085396E+000
 5.9799999999999169E+000  1.9834508873138403E+000  1.1514538981733963E+001  8.6858891008032071E+000
 5.9899999999999167E+000  1.7434150784916675E+000  1.1546115751577720E+001  8.6460686394103075E+000
 5.9999999999999165E+000  1.4990430187407016E+000  1.1580210566276161E+001  8.6040876825837049E+000
 6.0099999999999163E+000  1.2508145008239804E+000  1.1616745328808811E+001  8.5600573775854976E+000
 6.0199999999999161E+000  9.9921419490150665E-001  1.1655639838208828E+001  8.5140915269520718E+000
 6.0299999999999159E+000  7.4473073945476276E-001  1.1696811922813502E+001  8.4663061517133684E+000
 6.0399999999999157E+000  4.8785582751130779E-001  1.1740177564536957E+001  8.4168190629946071E+000
 6.0499999999999154E+000  2.2908328966127234E-001  1.1785651014010629E+001  8.3657494453087775E+000
 6.0599999999999152E+000 -3.1091824646426482E-002  1.1833144896506290E+001  8.3132174545885213E+000
 6.0699999999999150E+000 -2.9217416604472174E-001  1.1882570308630322E+001  8.2593438337126752E+000
 6.0799999999999148E+000 -5.5366900294689525E-001  1.1933836905857213E+001  8.2042495479620925E+000
 6.0899999999999146E+000 -8.1508313652789399E-001  1.1986852981055678E+001  8.1480554424961174E+000
 6.0999999999999144E+000 -1.0759258115165060E+000  1.2041525534250207E+001  8.0908819235828133E+000
 6.1099999999999142E+000 -1.3357096213282227E+000  1.2097760333955696E+001  8.0328486649471760E+000
 6.1199999999999140E+000 -1.5939514060688065E+000  1.2155461970521163E+001  7.9740743402286629E+000
 6.1299999999999137E+000 -1.8501731419368290E+000  1.2214533902020245E+001  7.9146763821675048E+000
 6.1399999999999135E+000 -2.1039028205496044E+000  1.2274878493329915E+001  7.8547707687735722E+000
 6.1499999999999133E+000 -2.3546753167108454E+000  1.2336397049143601E+001  7.7944718363765979E+000
 6.1599999999999131E+000 -2.6020332431300552E+000  1.2398989841769074E+001  7.7338921191172743E+000
 6.1699999999999129E+000 -2.8455277905932967E+000  1.2462556134663732E+001  7.6731422141172105E+000
 6.1799999999999127E+000 -3.0847195520726087E+000  1.2526994202758610E+001  7.6123306712676078E+000
 6.1899999999999125E+000 -3.3191793292477025E+000  1.2592201350715408E+001  7.5515639063025661E+000
 6.1999999999999122E+000 -3.5484889198989120E+000  1.2658073930346516E+001  7.4909461355766593E+000
 6.2099999999999120E+000 -3.7722418846154837E+000  1.2724507358504308E+001  7.4305793307496169E+000
 6.2199999999999118E+000 -3.9900442912490708E+000  1.2791396136810638E+001  7.3705631913948295E+000
 6.2299999999999116E+000 -4.2015154355296733E+000  1.2858633874648932E+001  7.3109951333945071E+000
 6.2399999999999114E+000 -4.4062885362512390E+000  1.2926113316877050E+001  7.2519702908631185E+000
 6.2499999999999112E+000 -4.6040114034280757E+000  1.2993726377737799E+001  7.1935815292533061E+000
 6.2599999999999110E+000 -4.7943470778221782E+000  1.3061364182443338E+001  7.1359194672439008E+000
 6.2699999999999108E+000 -4.9769744402470346E+000  1.3128917117889300E+001  7.0790725049893828E+000
 6.2799999999999105E+000 -5.1515887890666940E+000  1.3196274893911268E+001  7.0231268563220510E+000
 6.2899999999999103E+000 -5.3179023843310098E+000  1.3263326616431620E+001  6.9681665825433088E+000
 6.2999999999999101E+000 -5.4756449570205641E+000  1.3329960873756045E+001  6.9142736255163477E+000
 6.3099999999999099E+000 -5.6245641819185561E+000  1.3396065837167251E+001  6.8615278378794233E+000
 6.3199999999999097E+000 -5.7644261126831271E+000  1.3461529376829109E+001  6.8100070083341464E+000
 6.3299999999999095E+000 -5.8950155777630657E+000  1.3526239193857107E+001  6.7597868801258416E+000
 6.3399999999999093E+000 -6.0161365358826284E+000  1.3590082969233251E+001  6.7109411610207061E+000
 6.3499999999999091E+000 -6.1276123899183546E+000  1.3652948530046302E+001  6.6635415232949162E+000
 6.3599999999999088E+000 -6.2292862581016779E+000  1.3714724033324007E+001  6.6176575924811925E+000
 6.3699999999999086E+000 -6.3210212016057499E+000  1.3775298167495270E+001  6.5733569238662293E+000
